vout(4.2)
7.45
vout(3.7)
6.95
vout(3.0)
6.25
vout(2.7)
5.95
vout(2.5)
5.75

duty(4.2)
.48466257668711656441
duty(3.7)
.51633986928104575163
duty(3.0)
.56834532374100719424
duty(2.7)
.59398496240601503759
duty(2.5)
.61240310077519379844

iin(4.2, 3)
5.82142857142857142849
iin(3.7, 3)
6.20270270270270270265
iin(3.0, 3)
6.94999999999999999992
iin(2.7, 3)
7.38888888888888888881
iin(2.5, 3)
7.73999999999999999980

iinpeak(4.2, 3, 0.2)
6.40357142857142857133
iinpeak(3.7, 3, 0.2)
6.82297297297297297291
iinpeak(3.0, 3, 0.2)
7.64499999999999999991
iinpeak(2.7, 3, 0.2)
8.12777777777777777769
iinpeak(2.5, 3, 0.2)
8.51399999999999999978

iinpeak(4.2, 3, 0.3)
6.69464285714285714276
iinpeak(3.7, 3, 0.3)
7.13310810810810810804
iinpeak(3.0, 3, 0.3)
7.99249999999999999990
iinpeak(2.7, 3, 0.3)
8.49722222222222222213
iinpeak(2.5, 3, 0.3)
8.90099999999999999977

iinpeak(4.2, 3, 0.4)
6.98571428571428571418
iinpeak(3.7, 3, 0.4)
7.44324324324324324318
iinpeak(3.0, 3, 0.4)
8.33999999999999999990
iinpeak(2.7, 3, 0.4)
8.86666666666666666657
iinpeak(2.5, 3, 0.4)
9.28799999999999999976

deltali(4.2, 3, 0.2)
1.16428571428571428569
deltali(3.7, 3, 0.2)
1.24054054054054054053
deltali(3.0, 3, 0.2)
1.38999999999999999998
deltali(2.7, 3, 0.2)
1.47777777777777777776
deltali(2.5, 3, 0.2)
1.54799999999999999996

deltali(4.2, 3, 0.3)
1.74642857142857142854
deltali(3.7, 3, 0.3)
1.86081081081081081079
deltali(3.0, 3, 0.3)
2.08499999999999999997
deltali(2.7, 3, 0.3)
2.21666666666666666664
deltali(2.5, 3, 0.3)
2.32199999999999999994

deltali(4.2, 3, 0.4)
2.32857142857142857139
deltali(3.7, 3, 0.4)
2.48108108108108108106
deltali(3.0, 3, 0.4)
2.77999999999999999996
deltali(2.7, 3, 0.4)
2.95555555555555555552
deltali(2.5, 3, 0.4)
3.09599999999999999992

lvalue(4.2, 3, 0.2, 1000000) * 1000000
1.74835334412284000000
lvalue(3.7, 3, 0.2, 1000000) * 1000000
1.54002022014324000000
lvalue(3.0, 3, 0.2, 1000000) * 1000000
1.22664458361368000000
lvalue(2.7, 3, 0.2, 1000000) * 1000000
1.08525072078692000000
lvalue(2.5, 3, 0.2, 1000000) * 1000000
.98902309556716000000

lvalue(4.2, 3, 0.3, 1000000) * 1000000
1.16556889608189000000
lvalue(3.7, 3, 0.3, 1000000) * 1000000
1.02668014676216000000
lvalue(3.0, 3, 0.3, 1000000) * 1000000
.81776305574245000000
lvalue(2.7, 3, 0.3, 1000000) * 1000000
.72350048052461000000
lvalue(2.5, 3, 0.3, 1000000) * 1000000
.65934873037810000000

lvalue(4.2, 3, 0.4, 1000000) * 1000000
.87417667206142000000
lvalue(3.7, 3, 0.4, 1000000) * 1000000
.77001011007162000000
lvalue(3.0, 3, 0.4, 1000000) * 1000000
.61332229180684000000
lvalue(2.7, 3, 0.4, 1000000) * 1000000
.54262536039346000000
lvalue(2.5, 3, 0.4, 1000000) * 1000000
.49451154778358000000

lvalue(4.2, 3, 0.2, 300000) * 1000000
5.82784448040949000000
lvalue(3.7, 3, 0.2, 300000) * 1000000
5.13340073381082000000
lvalue(3.0, 3, 0.2, 300000) * 1000000
4.08881527871227000000
lvalue(2.7, 3, 0.2, 300000) * 1000000
3.61750240262309000000
lvalue(2.5, 3, 0.2, 300000) * 1000000
3.29674365189057000000

lvalue(4.2, 3, 0.3, 300000) * 1000000
3.88522965360632000000
lvalue(3.7, 3, 0.3, 300000) * 1000000
3.42226715587388000000
lvalue(3.0, 3, 0.3, 300000) * 1000000
2.72587685247485000000
lvalue(2.7, 3, 0.3, 300000) * 1000000
2.41166826841539000000
lvalue(2.5, 3, 0.3, 300000) * 1000000
2.19782910126038000000

lvalue(4.2, 3, 0.4, 300000) * 1000000
2.91392224020474000000
lvalue(3.7, 3, 0.4, 300000) * 1000000
2.56670036690541000000
lvalue(3.0, 3, 0.4, 300000) * 1000000
2.04440763935613000000
lvalue(2.7, 3, 0.4, 300000) * 1000000
1.80875120131154000000
lvalue(2.5, 3, 0.4, 300000) * 1000000
1.64837182594528000000

ilsat(4.2, 3, 0.2)
6.40357142857142857133
ilsat(3.7, 3, 0.2)
6.82297297297297297291
ilsat(3.0, 3, 0.2)
7.64499999999999999991
ilsat(2.7, 3, 0.2)
8.12777777777777777769
ilsat(2.5, 3, 0.2)
8.51399999999999999978

ilsat(4.2, 3, 0.3)
6.69464285714285714276
ilsat(3.7, 3, 0.3)
7.13310810810810810804
ilsat(3.0, 3, 0.3)
7.99249999999999999990
ilsat(2.7, 3, 0.3)
8.49722222222222222213
ilsat(2.5, 3, 0.3)
8.90099999999999999977

ilsat(4.2, 3, 0.4)
6.98571428571428571418
ilsat(3.7, 3, 0.4)
7.44324324324324324318
ilsat(3.0, 3, 0.4)
8.33999999999999999990
ilsat(2.7, 3, 0.4)
8.86666666666666666657
ilsat(2.5, 3, 0.4)
9.28799999999999999976
